16808
282475250
1622650074
984943659
1144108931
470211273
101027545
1457850879
1458777924
2007237710
823564441
1115438166
1784484493
74243043
114807988
1137522504
1441282328
16531730
823378841
143542613
896544304
1474833170
1264817710
1998097158
1817129561
1131570934
197493100
1404280279
893351817
1505795336
1954899098
1636807827
563613513
101929268
1580723811
704877634
1358580980
1624379150
2128236580
784558822
530511968
2110010673
1551901394
1617819337
1399125486
156091746
1356425229
1899894092
585640195
937186358
1646035002
1025921154
510616709
590357945
771515669
357571491
1044788125
1927702197
1952509531
130060904
1942727723
1083454667
1108728550
685118025
2118797802
1060806854
571540978
194847409
2035308229
158374934
1075260299
824938982
595028636
1962408014
1137623866
997389815
2020739064
107554537
1635339426
1654001670
1777724116
269220095
34075630
1478446502
1864546518
1351934196
1581030106
1557810405
2146319452
1908194299
500782189
657821124
753799506
1102246883
1269406753
1816731567
884936717
1807130338
578354439
892053145
